{
    "asset": {
        "version": "2.0",
        "generator": "Open Asset Import Library (assimp v5.0.cd42b995)"
    },
    "extensionsUsed": [
        "FB_ngon_encoding"
    ],
    "accessors": [
        {
            "bufferView": 0,
            "byteOffset": 0,
            "componentType": 5126,
            "count": 2327,
            "type": "VEC3",
            "max": [
                100.02342224121094,
                220.3324737548828,
                66.00001525878906
            ],
            "min": [
                -100.0108413696289,
                0.4234192371368408,
                -76.70016479492188
            ]
        },
        {
            "bufferView": 1,
            "byteOffset": 0,
            "componentType": 5126,
            "count": 2327,
            "type": "VEC3",
            "max": [
                1.0,
                1.0000041723251343,
                1.0
            ],
            "min": [
                -1.0,
                -1.0,
                -1.0
            ]
        },
        {
            "bufferView": 2,
            "byteOffset": 0,
            "componentType": 5126,
            "count": 2327,
            "type": "VEC2",
            "max": [
                1.0000001192092896,
                1.0
            ],
            "min": [
                -8.84756823360533e-10,
                0.0
            ]
        },
        {
            "bufferView": 3,
            "byteOffset": 0,
            "componentType": 5125,
            "count": 8934,
            "type": "SCALAR",
            "max": [
                2326
            ],
            "min": [
                0
            ]
        },
        {
            "bufferView": 4,
            "byteOffset": 0,
            "componentType": 5123,
            "count": 2327,
            "type": "VEC4",
            "max": [
                59,
                63,
                64,
                35
            ],
            "min": [
                0,
                0,
                0,
                0
            ]
        },
        {
            "bufferView": 5,
            "byteOffset": 0,
            "componentType": 5126,
            "count": 2327,
            "type": "VEC4",
            "max": [
                1.0,
                0.9985409379005432,
                0.7472695112228394,
                0.18486323952674867
            ],
            "min": [
                0.0,
                0.0,
                0.0,
                0.0
            ]
        },
        {
            "bufferView": 6,
            "byteOffset": 0,
            "componentType": 5126,
            "count": 1038,
            "type": "VEC3",
            "max": [
                43.686092376708987,
                248.57949829101563,
                4.905941009521484
            ],
            "min": [
                -43.61597442626953,
                208.2282257080078,
                -5.100711822509766
            ]
        },
        {
            "bufferView": 7,
            "byteOffset": 0,
            "componentType": 5126,
            "count": 1038,
            "type": "VEC3",
            "max": [
                0.9994698166847229,
                0.999923825263977,
                1.0
            ],
            "min": [
                -0.9994699358940125,
                -0.9996402859687805,
                -1.0
            ]
        },
        {
            "bufferView": 8,
            "byteOffset": 0,
            "componentType": 5126,
            "count": 1038,
            "type": "VEC2",
            "max": [
                0.65625,
                0.6875
            ],
            "min": [
                0.3437499701976776,
                0.0
            ]
        },
        {
            "bufferView": 9,
            "byteOffset": 0,
            "componentType": 5125,
            "count": 5148,
            "type": "SCALAR",
            "max": [
                1037
            ],
            "min": [
                0
            ]
        },
        {
            "bufferView": 10,
            "byteOffset": 0,
            "componentType": 5123,
            "count": 1038,
            "type": "VEC4",
            "max": [
                9,
                0,
                0,
                0
            ],
            "min": [
                9,
                0,
                0,
                0
            ]
        },
        {
            "bufferView": 11,
            "byteOffset": 0,
            "componentType": 5126,
            "count": 1038,
            "type": "VEC4",
            "max": [
                1.0,
                0.0,
                0.0,
                0.0
            ],
            "min": [
                1.0,
                0.0,
                0.0,
                0.0
            ]
        },
        {
            "bufferView": 12,
            "byteOffset": 0,
            "componentType": 5126,
            "count": 1183,
            "type": "VEC3",
            "max": [
                104.53076171875,
                163.98085021972657,
                65.1669921875
            ],
            "min": [
                -104.53076171875,
                129.37046813964845,
                41.20000076293945
            ]
        },
        {
            "bufferView": 13,
            "byteOffset": 0,
            "componentType": 5126,
            "count": 1183,
            "type": "VEC3",
            "max": [
                1.0,
                0.998329222202301,
                1.0
            ],
            "min": [
                -1.0,
                -1.0,
                -1.0
            ]
        },
        {
            "bufferView": 14,
            "byteOffset": 0,
            "componentType": 5126,
            "count": 1183,
            "type": "VEC2",
            "max": [
                1.0000001192092896,
                1.0
            ],
            "min": [
                0.0,
                0.0
            ]
        },
        {
            "bufferView": 15,
            "byteOffset": 0,
            "componentType": 5125,
            "count": 5145,
            "type": "SCALAR",
            "max": [
                1182
            ],
            "min": [
                0
            ]
        },
        {
            "bufferView": 16,
            "byteOffset": 0,
            "componentType": 5123,
            "count": 1183,
            "type": "VEC4",
            "max": [
                9,
                0,
                0,
                0
            ],
            "min": [
                9,
                0,
                0,
                0
            ]
        },
        {
            "bufferView": 17,
            "byteOffset": 0,
            "componentType": 5126,
            "count": 1183,
            "type": "VEC4",
            "max": [
                1.0,
                0.0,
                0.0,
                0.0
            ],
            "min": [
                1.0,
                0.0,
                0.0,
                0.0
            ]
        },
        {
            "bufferView": 18,
            "byteOffset": 0,
            "componentType": 5126,
            "count": 837,
            "type": "VEC3",
            "max": [
                28.119760513305665,
                175.57728576660157,
                63.817970275878909
            ],
            "min": [
                -28.93267250061035,
                32.00368881225586,
                24.64425277709961
            ]
        },
        {
            "bufferView": 19,
            "byteOffset": 0,
            "componentType": 5126,
            "count": 837,
            "type": "VEC3",
            "max": [
                1.0,
                0.9686214327812195,
                1.0
            ],
            "min": [
                -1.0,
                -0.9757586717605591,
                -0.999981164932251
            ]
        },
        {
            "bufferView": 20,
            "byteOffset": 0,
            "componentType": 5126,
            "count": 837,
            "type": "VEC2",
            "max": [
                1.0000001192092896,
                0.9743902683258057
            ],
            "min": [
                0.0,
                0.02560967206954956
            ]
        },
        {
            "bufferView": 21,
            "byteOffset": 0,
            "componentType": 5125,
            "count": 4455,
            "type": "SCALAR",
            "max": [
                836
            ],
            "min": [
                0
            ]
        },
        {
            "bufferView": 22,
            "byteOffset": 0,
            "componentType": 5123,
            "count": 837,
            "type": "VEC4",
            "max": [
                9,
                33,
                53,
                9
            ],
            "min": [
                1,
                0,
                0,
                0
            ]
        },
        {
            "bufferView": 23,
            "byteOffset": 0,
            "componentType": 5126,
            "count": 837,
            "type": "VEC4",
            "max": [
                1.0,
                0.9957983493804932,
                0.3119020462036133,
                0.8828110098838806
            ],
            "min": [
                0.004201627802103758,
                0.0,
                0.0,
                0.0
            ]
        },
        {
            "bufferView": 24,
            "byteOffset": 0,
            "componentType": 5126,
            "count": 260,
            "type": "VEC3",
            "max": [
                50.986270904541019,
                144.99322509765626,
                48.1110725402832
            ],
            "min": [
                -50.755340576171878,
                129.85589599609376,
                37.01243591308594
            ]
        },
        {
            "bufferView": 25,
            "byteOffset": 0,
            "componentType": 5126,
            "count": 260,
            "type": "VEC3",
            "max": [
                0.9365357160568237,
                0.5814269185066223,
                0.9335002899169922
            ],
            "min": [
                -0.9042213559150696,
                -0.8596246838569641,
                0.3101837933063507
            ]
        },
        {
            "bufferView": 26,
            "byteOffset": 0,
            "componentType": 5126,
            "count": 260,
            "type": "VEC2",
            "max": [
                0.9000001549720764,
                0.8999999761581421
            ],
            "min": [
                0.5000000596046448,
                0.04999983310699463
            ]
        },
        {
            "bufferView": 27,
            "byteOffset": 0,
            "componentType": 5125,
            "count": 1266,
            "type": "SCALAR",
            "max": [
                259
            ],
            "min": [
                0
            ]
        },
        {
            "bufferView": 28,
            "byteOffset": 0,
            "componentType": 5123,
            "count": 260,
            "type": "VEC4",
            "max": [
                9,
                0,
                0,
                0
            ],
            "min": [
                9,
                0,
                0,
                0
            ]
        },
        {
            "bufferView": 29,
            "byteOffset": 0,
            "componentType": 5126,
            "count": 260,
            "type": "VEC4",
            "max": [
                1.0,
                0.0,
                0.0,
                0.0
            ],
            "min": [
                1.0,
                0.0,
                0.0,
                0.0
            ]
        },
        {
            "bufferView": 30,
            "byteOffset": 0,
            "componentType": 5126,
            "count": 66,
            "type": "MAT4",
            "max": [
                996725424128.0,
                102092406784.0,
                492080267264.0,
                0.0,
                492254396416.0,
                993932214272.0,
                4.33770227432251,
                0.0,
                49086156800.0,
                995733798912.0,
                996433002496.0,
                0.0,
                88771496247296.0,
                601.2772216796875,
                114225041113088.0,
                1.0000001192092896
            ],
            "min": [
                -0.19476918876171113,
                -192055050240.0,
                -43249086464.0,
                0.0,
                -3.873034954071045,
                -4.969660758972168,
                -867540860928.0,
                0.0,
                -166699040768.0,
                -4.978668212890625,
                -4.9821648597717289,
                0.0,
                -446.943603515625,
                -94773629157376.0,
                -590.876953125,
                0.9999998807907105
            ]
        }
    ],
    "buffers": [
        {
            "byteLength": 465296,
            "uri": "result.bin"
        }
    ],
    "bufferViews": [
        {
            "buffer": 0,
            "byteOffset": 0,
            "byteLength": 27924,
            "target": 34962
        },
        {
            "buffer": 0,
            "byteOffset": 27924,
            "byteLength": 27924,
            "target": 34962
        },
        {
            "buffer": 0,
            "byteOffset": 55848,
            "byteLength": 18616,
            "target": 34962
        },
        {
            "buffer": 0,
            "byteOffset": 74464,
            "byteLength": 35736,
            "target": 34963
        },
        {
            "buffer": 0,
            "byteOffset": 110200,
            "byteLength": 18616
        },
        {
            "buffer": 0,
            "byteOffset": 147432,
            "byteLength": 37232
        },
        {
            "buffer": 0,
            "byteOffset": 184664,
            "byteLength": 12456,
            "target": 34962
        },
        {
            "buffer": 0,
            "byteOffset": 197120,
            "byteLength": 12456,
            "target": 34962
        },
        {
            "buffer": 0,
            "byteOffset": 209576,
            "byteLength": 8304,
            "target": 34962
        },
        {
            "buffer": 0,
            "byteOffset": 217880,
            "byteLength": 20592,
            "target": 34963
        },
        {
            "buffer": 0,
            "byteOffset": 238472,
            "byteLength": 8304
        },
        {
            "buffer": 0,
            "byteOffset": 255080,
            "byteLength": 16608
        },
        {
            "buffer": 0,
            "byteOffset": 271688,
            "byteLength": 14196,
            "target": 34962
        },
        {
            "buffer": 0,
            "byteOffset": 285884,
            "byteLength": 14196,
            "target": 34962
        },
        {
            "buffer": 0,
            "byteOffset": 300080,
            "byteLength": 9464,
            "target": 34962
        },
        {
            "buffer": 0,
            "byteOffset": 309544,
            "byteLength": 20580,
            "target": 34963
        },
        {
            "buffer": 0,
            "byteOffset": 330124,
            "byteLength": 9464
        },
        {
            "buffer": 0,
            "byteOffset": 349052,
            "byteLength": 18928
        },
        {
            "buffer": 0,
            "byteOffset": 367980,
            "byteLength": 10044,
            "target": 34962
        },
        {
            "buffer": 0,
            "byteOffset": 378024,
            "byteLength": 10044,
            "target": 34962
        },
        {
            "buffer": 0,
            "byteOffset": 388068,
            "byteLength": 6696,
            "target": 34962
        },
        {
            "buffer": 0,
            "byteOffset": 394764,
            "byteLength": 17820,
            "target": 34963
        },
        {
            "buffer": 0,
            "byteOffset": 412584,
            "byteLength": 6696
        },
        {
            "buffer": 0,
            "byteOffset": 425976,
            "byteLength": 13392
        },
        {
            "buffer": 0,
            "byteOffset": 439368,
            "byteLength": 3120,
            "target": 34962
        },
        {
            "buffer": 0,
            "byteOffset": 442488,
            "byteLength": 3120,
            "target": 34962
        },
        {
            "buffer": 0,
            "byteOffset": 445608,
            "byteLength": 2080,
            "target": 34962
        },
        {
            "buffer": 0,
            "byteOffset": 447688,
            "byteLength": 5064,
            "target": 34963
        },
        {
            "buffer": 0,
            "byteOffset": 452752,
            "byteLength": 2080
        },
        {
            "buffer": 0,
            "byteOffset": 456912,
            "byteLength": 4160
        },
        {
            "buffer": 0,
            "byteOffset": 461072,
            "byteLength": 4224
        }
    ],
    "materials": [
        {
            "name": "SkyBlue",
            "pbrMetallicRoughness": {
                "baseColorFactor": [
                    0.0,
                    0.3692266643047333,
                    0.800000011920929,
                    1.0
                ],
                "metallicFactor": 0.0
            }
        },
        {
            "name": "Yellow",
            "pbrMetallicRoughness": {
                "baseColorFactor": [
                    0.5680800080299377,
                    0.5043200254440308,
                    0.17815999686717988,
                    1.0
                ],
                "metallicFactor": 0.0
            }
        },
        {
            "name": "Black",
            "pbrMetallicRoughness": {
                "baseColorFactor": [
                    0.0,
                    0.0,
                    0.0,
                    1.0
                ],
                "metallicFactor": 0.0
            }
        },
        {
            "name": "lambert1",
            "pbrMetallicRoughness": {
                "baseColorFactor": [
                    0.47040000557899477,
                    0.47040000557899477,
                    0.47040000557899477,
                    1.0
                ],
                "metallicFactor": 0.0
            }
        },
        {
            "name": "Pink",
            "pbrMetallicRoughness": {
                "baseColorFactor": [
                    0.800000011920929,
                    0.3763999938964844,
                    0.5995200276374817,
                    1.0
                ],
                "metallicFactor": 0.0
            }
        }
    ],
    "meshes": [
        {
            "name": "Head_BodyShape",
            "primitives": [
                {
                    "extensions": {
                        "FB_ngon_encoding": {}
                    },
                    "mode": 4,
                    "material": 0,
                    "indices": 3,
                    "attributes": {
                        "POSITION": 0,
                        "NORMAL": 1,
                        "TEXCOORD_0": 2,
                        "JOINTS_0": 4,
                        "WEIGHTS_0": 5
                    }
                },
                {
                    "extensions": {
                        "FB_ngon_encoding": {}
                    },
                    "mode": 4,
                    "material": 1,
                    "indices": 9,
                    "attributes": {
                        "POSITION": 6,
                        "NORMAL": 7,
                        "TEXCOORD_0": 8,
                        "JOINTS_0": 10,
                        "WEIGHTS_0": 11
                    }
                },
                {
                    "extensions": {
                        "FB_ngon_encoding": {}
                    },
                    "mode": 4,
                    "material": 2,
                    "indices": 15,
                    "attributes": {
                        "POSITION": 12,
                        "NORMAL": 13,
                        "TEXCOORD_0": 14,
                        "JOINTS_0": 16,
                        "WEIGHTS_0": 17
                    }
                },
                {
                    "extensions": {
                        "FB_ngon_encoding": {}
                    },
                    "mode": 4,
                    "material": 3,
                    "indices": 21,
                    "attributes": {
                        "POSITION": 18,
                        "NORMAL": 19,
                        "TEXCOORD_0": 20,
                        "JOINTS_0": 22,
                        "WEIGHTS_0": 23
                    }
                },
                {
                    "extensions": {
                        "FB_ngon_encoding": {}
                    },
                    "mode": 4,
                    "material": 4,
                    "indices": 27,
                    "attributes": {
                        "POSITION": 24,
                        "NORMAL": 25,
                        "TEXCOORD_0": 26,
                        "JOINTS_0": 28,
                        "WEIGHTS_0": 29
                    }
                }
            ]
        }
    ],
    "nodes": [
        {
            "name": "RootNode",
            "children": [
                1,
                6
            ]
        },
        {
            "name": "Head_BodyShape_$AssimpFbx$_RotationPivot",
            "matrix": [
                1.0,
                0.0,
                0.0,
                0.0,
                0.0,
                1.0,
                0.0,
                0.0,
                0.0,
                0.0,
                1.0,
                0.0,
                7.105427357601002e-15,
                124.85366821289063,
                -4.9846086502075199,
                1.0
            ],
            "children": [
                2
            ]
        },
        {
            "name": "Head_BodyShape_$AssimpFbx$_RotationPivotInverse",
            "matrix": [
                1.0,
                0.0,
                0.0,
                0.0,
                0.0,
                1.0,
                0.0,
                0.0,
                0.0,
                0.0,
                1.0,
                0.0,
                -7.105427357601002e-15,
                -124.85366821289063,
                4.9846086502075199,
                1.0
            ],
            "children": [
                3
            ]
        },
        {
            "name": "Head_BodyShape_$AssimpFbx$_ScalingPivot",
            "matrix": [
                1.0,
                0.0,
                0.0,
                0.0,
                0.0,
                1.0,
                0.0,
                0.0,
                0.0,
                0.0,
                1.0,
                0.0,
                7.105427357601002e-15,
                124.85366821289063,
                -4.9846086502075199,
                1.0
            ],
            "children": [
                4
            ]
        },
        {
            "name": "Head_BodyShape_$AssimpFbx$_ScalingPivotInverse",
            "matrix": [
                1.0,
                0.0,
                0.0,
                0.0,
                0.0,
                1.0,
                0.0,
                0.0,
                0.0,
                0.0,
                1.0,
                0.0,
                -7.105427357601002e-15,
                -124.85366821289063,
                4.9846086502075199,
                1.0
            ],
            "children": [
                5
            ]
        },
        {
            "name": "Head_BodyShape",
            "mesh": 0,
            "skin": 0
        },
        {
            "name": "root_$AssimpFbx$_PreRotation",
            "matrix": [
                1.0,
                0.0,
                0.0,
                0.0,
                0.0,
                -4.371138828673793e-8,
                -1.0,
                0.0,
                0.0,
                1.0,
                -4.371138828673793e-8,
                0.0,
                0.0,
                0.0,
                0.0,
                1.0
            ],
            "children": [
                7
            ]
        },
        {
            "name": "root",
            "children": [
                8,
                87,
                90,
                94,
                95
            ]
        },
        {
            "name": "pelvis",
            "matrix": [
                -2.746677774112527e-9,
                0.0628366619348526,
                0.9980238080024719,
                0.0,
                8.638068038635538e-11,
                0.9980238080024719,
                -0.0628366619348526,
                0.0,
                -1.0,
                -8.638068038635538e-11,
                -2.746677774112527e-9,
                0.0,
                -2.1392431181794115e-16,
                -3.826561689376831,
                34.822792053222659,
                1.0
            ],
            "children": [
                9,
                71,
                79
            ]
        },
        {
            "name": "spine_01",
            "matrix": [
                0.9550367593765259,
                -0.29648739099502566,
                0.0,
                0.0,
                0.29648739099502566,
                0.9550367593765259,
                0.0000017246103425350157,
                0.0,
                -5.113251972943544e-7,
                -0.0000016470662558276672,
                1.0,
                0.0,
                2.471853017807007,
                7.424816317325167e-11,
                1.783233846959449e-16,
                1.0
            ],
            "children": [
                10
            ]
        },
        {
            "name": "spine_02",
            "matrix": [
                0.9929137229919434,
                0.11883746087551117,
                -2.0494833563589055e-7,
                0.0,
                -0.11883746087551117,
                0.9929137229919434,
                -0.000002622330612211954,
                0.0,
                -1.0813509732088278e-7,
                0.0000026281036298314577,
                1.0,
                0.0,
                4.987513542175293,
                -1.5135626085793775e-10,
                -4.953577424551131e-14,
                1.0
            ],
            "children": [
                11
            ]
        },
        {
            "name": "spine_03",
            "matrix": [
                0.983818769454956,
                0.17916633188724519,
                1.6303084748869879e-7,
                0.0,
                -0.17916633188724519,
                0.983818769454956,
                0.0000034178053738287419,
                0.0,
                4.5196287601356746e-7,
                -0.0000033917106065928239,
                1.0,
                0.0,
                7.62588357925415,
                -6.589626622144351e-10,
                2.2933637275476469e-15,
                1.0
            ],
            "children": [
                12
            ]
        },
        {
            "name": "spine_04",
            "matrix": [
                0.9890710711479187,
                0.147439643740654,
                -3.719295307291759e-7,
                0.0,
                -0.147439643740654,
                0.9890710711479187,
                0.000003545877007127274,
                0.0,
                8.9066759301204e-7,
                -0.000003452287273830734,
                1.0,
                0.0,
                8.851115226745606,
                -4.108311912887075e-9,
                1.5608689471133254e-14,
                1.0
            ],
            "children": [
                13
            ]
        },
        {
            "name": "spine_05",
            "matrix": [
                0.9999898076057434,
                0.0045112972147762779,
                0.0,
                0.0,
                -0.0045112972147762779,
                0.9999898076057434,
                -0.000003887513685185695,
                0.0,
                -1.7537729490868516e-8,
                0.000003887474122166168,
                1.0,
                0.0,
                14.712408065795899,
                -0.012570179998874665,
                -3.522685884364303e-16,
                1.0
            ],
            "children": [
                14,
                17,
                44
            ]
        },
        {
            "name": "neck_01",
            "matrix": [
                0.9053140878677368,
                -0.424742728471756,
                9.146073693955259e-7,
                0.0,
                0.424742728471756,
                0.9053140878677368,
                3.3073081340262436e-7,
                0.0,
                -9.684824817668414e-7,
                8.905757908905798e-8,
                1.0,
                0.0,
                14.364185333251954,
                -1.1490544080734254,
                0.000002474282837283681,
                1.0
            ],
            "children": [
                15
            ]
        },
        {
            "name": "neck_02",
            "matrix": [
                0.9999444484710693,
                0.010541380383074284,
                -2.403596788269624e-8,
                0.0,
                -0.010541380383074284,
                0.9999444484710693,
                -0.000008259315109171439,
                0.0,
                -6.302995103624198e-8,
                0.00000825911047286354,
                1.0,
                0.0,
                8.54761791229248,
                0.02845044992864132,
                -6.487142911737465e-8,
                1.0
            ],
            "children": [
                16
            ]
        },
        {
            "name": "head",
            "matrix": [
                0.976159393787384,
                0.21705502271652223,
                0.0,
                0.0,
                -0.21705502271652223,
                0.976159393787384,
                0.0,
                0.0,
                0.0,
                0.0,
                1.0,
                0.0,
                13.136990547180176,
                1.6075888872146607,
                0.00000941110192798078,
                1.0
            ]
        },
        {
            "name": "clavicle_l",
            "matrix": [
                4.371138828673793e-8,
                3.82137093032941e-15,
                -1.0,
                0.0,
                0.0,
                1.0,
                3.82137093032941e-15,
                0.0,
                1.0,
                0.0,
                4.371138828673793e-8,
                0.0,
                5.830875396728516,
                1.0048158168792725,
                -0.9313622117042542,
                1.0
            ],
            "children": [
                18
            ]
        },
        {
            "name": "upperarm_l",
            "matrix": [
                1.0,
                0.0,
                0.0,
                0.0,
                0.0,
                1.0,
                0.0,
                0.0,
                0.0,
                0.0,
                1.0,
                0.0,
                40.0,
                -4.6629367034256577e-14,
                5.684341886080802e-14,
                1.0
            ],
            "children": [
                19,
                42,
                43
            ]
        },
        {
            "name": "lowerarm_l",
            "matrix": [
                1.0,
                0.0,
                0.0,
                0.0,
                0.0,
                1.0,
                0.0,
                0.0,
                0.0,
                0.0,
                1.0,
                0.0,
                27.09035301208496,
                1.4210854715202005e-14,
                -2.842170943040401e-14,
                1.0
            ],
            "children": [
                20,
                21,
                22
            ]
        },
        {
            "name": "lowerarm_twist_02_l",
            "matrix": [
                0.9999937415122986,
                0.0011669170344248415,
                0.0033509356435388328,
                0.0,
                -0.0011752754217013717,
                0.9999962449073792,
                0.002493475330993533,
                0.0,
                -0.003348013386130333,
                -0.00249739782884717,
                0.9999912977218628,
                0.0,
                8.698386192321778,
                2.842170943040401e-14,
                -1.4210854715202005e-14,
                1.0
            ]
        },
        {
            "name": "lowerarm_twist_01_l",
            "matrix": [
                0.9999937415122986,
                0.0011669173836708069,
                0.003350802231580019,
                0.0,
                -0.0011752755381166936,
                0.9999962449073792,
                0.0024934757966548206,
                0.0,
                -0.0033478799741715194,
                -0.002497398294508457,
                0.9999912977218628,
                0.0,
                17.396772384643556,
                -1.4210854715202005e-14,
                1.4210854715202005e-14,
                1.0
            ]
        },
        {
            "name": "hand_l",
            "matrix": [
                0.19626949727535249,
                0.01285750325769186,
                -0.03623499721288681,
                0.0,
                -0.03841112181544304,
                0.05725643038749695,
                -0.18773995339870454,
                0.0,
                -0.0016959004569798709,
                0.1911972463130951,
                0.05865780636668205,
                0.0,
                26.09515953063965,
                7.105427357601002e-15,
                1.4210854715202005e-14,
                1.0
            ],
            "children": [
                23,
                27,
                31,
                35,
                38
            ]
        },
        {
            "name": "middle_metacarpal_l",
            "matrix": [
                0.9915857315063477,
                -0.1246119812130928,
                0.035066135227680209,
                0.0,
                0.12458287924528122,
                0.9922046065330505,
                0.0030219675973057749,
                0.0,
                -0.03516935184597969,
                0.0013721005525439978,
                0.9993804097175598,
                0.0,
                3.1166257858276369,
                -0.0677163228392601,
                -0.3645104169845581,
                1.0
            ],
            "children": [
                24
            ]
        },
        {
            "name": "middle_01_l",
            "matrix": [
                0.9106960296630859,
                0.4062606990337372,
                0.07473263144493103,
                0.0,
                -0.40219083428382876,
                0.9133243560791016,
                -0.06388400495052338,
                0.0,
                -0.09420868754386902,
                0.028122134506702424,
                0.9951551556587219,
                0.0,
                5.560546875,
                5.684341886080802e-14,
                -1.0658141036401503e-14,
                1.0
            ],
            "children": [
                25
            ]
        },
        {
            "name": "middle_02_l",
            "matrix": [
                0.944614052772522,
                0.32807818055152895,
                -0.008308653719723225,
                0.0,
                -0.32807648181915285,
                0.9446497559547424,
                0.001604254124686122,
                0.0,
                0.00837508961558342,
                0.0012104730121791363,
                0.99996417760849,
                0.0,
                4.919670581817627,
                0.0,
                -4.973799150320701e-14,
                1.0
            ],
            "children": [
                26
            ]
        },
        {
            "name": "middle_03_l",
            "matrix": [
                0.9987555742263794,
                0.04972662031650543,
                0.003815276548266411,
                0.0,
                -0.04972625896334648,
                0.9987629055976868,
                -0.00018995579739566892,
                0.0,
                -0.0038200023118406536,
                -1.4551915228366853e-11,
                0.9999927282333374,
                0.0,
                2.9020519256591799,
                -7.105427357601002e-14,
                -7.105427357601002e-15,
                1.0
            ]
        },
        {
            "name": "pinky_metacarpal_l",
            "matrix": [
                0.9177643060684204,
                0.14814279973506928,
                0.36845946311950686,
                0.0,
                0.011890724301338196,
                0.9171491861343384,
                -0.3983665704727173,
                0.0,
                -0.39694744348526,
                0.3699878752231598,
                0.839965283870697,
                0.0,
                2.9831223487854006,
                0.24203738570213319,
                1.9275012016296387,
                1.0
            ],
            "children": [
                28
            ]
        },
        {
            "name": "pinky_01_l",
            "matrix": [
                0.9789019823074341,
                0.20340581238269807,
                -0.0194175336509943,
                0.0,
                -0.20335394144058228,
                0.979094386100769,
                0.004630871117115021,
                0.0,
                0.019953543320298196,
                -0.0005845371633768082,
                0.9998007416725159,
                0.0,
                4.717947006225586,
                -4.263256414560601e-14,
                -2.842170943040401e-14,
                1.0
            ],
            "children": [
                29
            ]
        },
        {
            "name": "pinky_02_l",
            "matrix": [
                0.9379010796546936,
                0.34688764810562136,
                0.0032416856847703459,
                0.0,
                -0.34688353538513186,
                0.9379065632820129,
                -0.0017711815889924765,
                0.0,
                -0.003654799424111843,
                0.0005367058329284191,
                0.9999932050704956,
                0.0,
                2.8932974338531496,
                8.526512829121202e-14,
                -4.263256414560601e-14,
                1.0
            ],
            "children": [
                30
            ]
        },
        {
            "name": "pinky_03_l",
            "matrix": [
                0.998386561870575,
                0.05676330253481865,
                0.0014623742317780853,
                0.0,
                -0.05676322802901268,
                0.9983876347541809,
                -0.00009226102702086791,
                0.0,
                -0.001465253415517509,
                0.000009103096090257168,
                0.999998927116394,
                0.0,
                1.7915196418762208,
                -1.2079226507921704e-13,
                7.105427357601002e-15,
                1.0
            ]
        },
        {
            "name": "ring_metacarpal_l",
            "matrix": [
